10 149988
6.8490045615991395 25927581
4.86626862633617 55670954
3.3554735852081032 61187789
2.356406192675443 66164097
1.6220492433877054 70872003
1.1540334977081952 72994837
0.8151107774621125 73610363
0.5839016515054571 74034671
0.4028195313084932 74252870
0.2894165132159885 74637038
0.21296380445234378 75787345
0.1472367535161742 75848294
0.10351719373495837 76433643
0.07062173612808767 76468035
0.05088137392713998 76996795
0.034172993498594886 77362750
0.023543177219288964 78462618
0.01648654518269329 78648336
0.011591857101908756 79164319
0.00805565904063029 81469202
0.005715019120668064 82284940
0.0040443419060741306 82384309
0.0029630659987439144 84198965
0.0020635092290363175 84231129
0.0015136524032601055 84251932
0.0010392042045844656 84280594
0.0007391332935021729 84451705
0.0004996092072344556 84471029
0.00036378397835007924 84474218
0.0002511445895507538 84474218
0.00017413933333135681 84581556
0.00012198171255655431 84585350
0.00008438478739906375 84587468
0.00006233711515728092 84593753
0.00004537202612497947 84636302
0.00003385045465010903 84643925
0.000024800402000910875 84644508
0.000017304068973909912 84654675
84657434
