0 87293272
1 52447417
2 37850066
3 70793685
4 80028917
5 80338186
6 83579681
7 81756575
8 65402651
9 72243118
10 71109955
11 71831656
12 78812072
13 68010432
14 52800963
15 80708699
16 55511294
17 74468093
18 58373268
19 88960857
20 79789135
21 59363427
22 68676629
23 73505289
24 66440230
25 87113149
26 45184781
27 80429098
28 67969705
29 82229608
30 48980093
31 81624440
32 63831038
33 54540711
34 71755929
35 46617430
36 61967623
37 79226659
38 43332327
39 87314135
40 54314828
41 72312023
42 62977700
43 76462633
44 83738298
45 69907976
46 76658352
47 81854858
48 52682860
49 63434322
50 60668453
51 63837508
52 77837094
53 78200648
54 68975700
55 69149877
56 50010888
57 54391459
58 89181827
59 74115938
60 86218384
61 60183229
62 78273551
63 80261457
64 58663774
65 81252072
66 74719941
67 81964585
68 81120636
69 61639254
70 83917183
71 81859288
72 74993936
73 65890958
74 78357371
75 63182500
76 67714310
77 44496953
78 77681529
79 84864883
80 77084089
81 66344703
82 80984493
83 82276060
84 66429726
85 61405677
86 72183789
87 64624117
88 67543215
89 79491247
90 74971119
91 51662832
92 81977891
93 55075807
94 61812624
95 76964393
96 39733574
97 77067643
98 83195891
99 73807917
score: 7004818136
